[
    [1, 2, 3, 4, 5, 6, 7],
    [0, 11, 8, 9, 10],
    [0, 21, 22],
    [0, 20],
    [0, 19, 18, 17],
    [14, 15, 16, 0],
    [0, 13, 12],
    [0, 23, 24],
    [1, 29, 30, 31, 32, 33],
    [1, 27, 28],
    [1, 25, 26],
    [1],
    [6, 35, 34],
    [6],
    [5],
    [5],
    [5],
    [4],
    [4],
    [4],
    [3],
    [2],
    [2],
    [7],
    [7],
    [10],
    [10],
    [9],
    [9],
    [8],
    [8],
    [8],
    [8],
    [8],
    [12],
    [12, 36],
    [35, 37],
    [36, 44, 38],
    [37, 43, 39],
    [38, 42, 40],
    [39, 41],
    [40, 45, 49],
    [46, 50, 39],
    [38, 47],
    [37, 48],
    [41],
    [42],
    [43],
    [44],
    [41],
    [42]
]